     0   1   2   3   4   5   6   7   8
0  |   |   |   |   |   |   |   |   |   | 
1  |   |   |   |   |   |   |   |   |   | 
2  |   |   | - | - |   | - |   |   |   | 
3  |   |   |   |   |   |   |   |   |   | 
4  |   |   | - | - | - | 2 | - |   |   | 
5  |   |   |   |   | - |   |   |   |   | 
6  |   |   | - | 1 |   |   | - |   |   | 
7  |   |   |   |   |   |   |   |   |   | 
8  |   |   |   |   |   |   |   |   |   | 

[0, 0, 0, 0, 0, 0, 0, 0, 0, 0, 0, 0, 0, 0, 0, 0, 0, 0, 0, 0, 1, 0, 1, 0, 1, 0, 0, 0, 0, 1, 0, 1, 0, 1, 0, 0, 0, 0, 0, 0, 1, 1, 0, 0, 0, 0, 0, 1, 0, 1, 0, 0, 0, 0, 0, 0, 0, 0, 1, 0, 1, 0, 0, 0, 0, 0, 0, 0, 0, 0, 0, 0, 0, 0, 0, 0, 0, 0, 0, 0, 0, 0, 49, 33]
(5, 5)
